        || Local Search (INC)                            || Local Search (CH)                             || Local Step (INC)                              || Local Step (CH)                               || Global Step (INC)                             || Global Step (CH)                              || Subdivision                                   ||
Size    || min score | max score | min bound | max bound || min score | max score | min bound | max bound || min score | max score | min bound | max bound || min score | max score | min bound | max bound || min score | max score | min bound | max bound || min score | max score | min bound | max bound || min score | max score | min bound | max bound ||
10      || 0.2930    | 0.8931    | 0.3423    | 0.8715    || 0.3736    | 0.8737    | 0.4551    | 0.8216    || 0.4496    | 0.8172    | 0.5677    | 0.7559    || 0.3989    | 0.7699    | 0.5204    | 0.5814    || 0.3704    | 0.8754    | 0.4577    | 0.8475    || 0.3620    | 0.8488    | 0.4551    | 0.8047    || ---       | ---       | ---       | ---       ||
15      || 0.2646    | 0.8756    | 0.3825    | 0.8263    || 0.2320    | 0.8880    | 0.3437    | 0.8442    || 0.3944    | 0.7272    | 0.5309    | 0.6459    || 0.4089    | 0.8562    | 0.8341    | 0.7963    || 0.3190    | 0.8149    | 0.4070    | 0.7337    || 0.2751    | 0.8815    | 0.3575    | 0.8341    || ---       | ---       | ---       | ---       ||
20      || 0.2145    | 0.8954    | 0.2886    | 0.8582    || 0.2047    | 0.8992    | 0.2786    | 0.8599    || 0.3343    | 0.7899    | 0.4408    | 0.6649    || 0.3625    | 0.8720    | 0.7118    | 0.8482    || 0.2470    | 0.8915    | 0.3170    | 0.8509    || 0.2171    | 0.8949    | 0.2906    | 0.8599    || ---       | ---       | ---       | ---       ||
25      || 0.1904    | 0.8966    | 0.2470    | 0.8820    || 0.1677    | 0.8983    | 0.1865    | 0.8584    || 0.3496    | 0.8323    | 0.4162    | 0.8072    || 0.3033    | 0.8661    | 0.5132    | 0.8102    || 0.2093    | 0.8640    | 0.2625    | 0.8399    || 0.1938    | 0.8923    | 0.2552    | 0.8514    || ---       | ---       | ---       | ---       ||
30      || 0.1783    | 0.8861    | 0.1994    | 0.8373    || 0.1661    | 0.9017    | 0.2364    | 0.8918    || 0.3153    | 0.8109    | 0.4239    | 0.6943    || 0.3063    | 0.8266    | 0.5950    | 0.7601    || 0.1894    | 0.8752    | 0.2192    | 0.8596    || 0.2539    | 0.8757    | 0.4766    | 0.8255    || ---       | ---       | ---       | ---       ||
35      || 0.1837    | 0.8629    | 0.2086    | 0.8481    || 0.1933    | 0.8919    | 0.2223    | 0.8640    || 0.2717    | 0.8048    | 0.3223    | 0.7716    || 0.3617    | 0.8405    | 0.4999    | 0.7133    || 0.1970    | 0.8381    | 0.2340    | 0.8106    || 0.2221    | 0.8685    | 0.2493    | 0.7836    || ---       | ---       | ---       | ---       ||
40      || 0.1983    | 0.8822    | 0.2821    | 0.8509    || 0.1795    | 0.8820    | 0.2780    | 0.8322    || 0.2684    | 0.7577    | 0.4392    | 0.6410    || 0.3199    | 0.8174    | 0.6073    | 0.6701    || 0.2169    | 0.8645    | 0.3370    | 0.8274    || 0.2017    | 0.8524    | 0.2888    | 0.7621    || ---       | ---       | ---       | ---       ||
45      || 0.1820    | 0.8867    | 0.2511    | 0.8628    || 0.1475    | 0.9057    | 0.2137    | 0.8581    || 0.2445    | 0.7790    | 0.2939    | 0.7023    || 0.2883    | 0.8221    | 0.5211    | 0.6221    || 0.1826    | 0.8762    | 0.2491    | 0.8322    || 0.1795    | 0.8847    | 0.2443    | 0.8398    || ---       | ---       | ---       | ---       ||
50      || 0.1670    | 0.8817    | 0.2124    | 0.8493    || 0.1652    | 0.9063    | 0.2073    | 0.8809    || 0.2469    | 0.7954    | 0.3076    | 0.7614    || 0.2871    | 0.7897    | 0.3914    | 0.5135    || 0.2106    | 0.8621    | 0.2782    | 0.8393    || 0.2084    | 0.8781    | 0.2250    | 0.8057    || ---       | ---       | ---       | ---       ||
60      || 0.1476    | 0.8764    | 0.1584    | 0.8609    || 0.1665    | 0.8903    | 0.1853    | 0.8543    || 0.2213    | 0.8052    | 0.2362    | 0.7941    || 0.3404    | 0.8370    | 0.5394    | 0.7156    || 0.1646    | 0.8576    | 0.1874    | 0.8360    || 0.2295    | 0.8771    | 0.3050    | 0.8220    || ---       | ---       | ---       | ---       ||
70      || 0.1690    | 0.8626    | 0.1946    | 0.8181    || 0.1636    | 0.9130    | 0.2521    | 0.8866    || 0.2423    | 0.7615    | 0.3285    | 0.6926    || 0.3625    | 0.8525    | 0.6546    | 0.7707    || 0.1965    | 0.8540    | 0.2702    | 0.8081    || 0.2313    | 0.8973    | 0.2979    | 0.8677    || ---       | ---       | ---       | ---       ||
80      || 0.1421    | 0.8954    | 0.1986    | 0.8644    || 0.1473    | 0.9107    | 0.2677    | 0.8411    || 0.2381    | 0.7790    | 0.2884    | 0.6704    || 0.2794    | 0.8400    | 0.4235    | 0.6403    || 0.1526    | 0.8540    | 0.1916    | 0.8121    || 0.1727    | 0.9003    | 0.2868    | 0.8202    || ---       | ---       | ---       | ---       ||
90      || 0.1630    | 0.8658    | 0.2094    | 0.8257    || 0.1607    | 0.8865    | 0.2265    | 0.8057    || 0.2454    | 0.7805    | 0.2860    | 0.7385    || 0.2791    | 0.8151    | 0.4152    | 0.5701    || 0.1863    | 0.8422    | 0.2209    | 0.8213    || 0.1814    | 0.8692    | 0.2941    | 0.7736    || ---       | ---       | ---       | ---       ||
100     || 0.1600    | 0.8545    | 0.1840    | 0.8135    || 0.1722    | 0.8955    | 0.2367    | 0.8576    || 0.2151    | 0.7436    | 0.2820    | 0.7118    || 0.3124    | 0.8171    | 0.4799    | 0.6065    || 0.1707    | 0.8363    | 0.1896    | 0.8010    || 0.1790    | 0.8817    | 0.2471    | 0.8149    || ---       | ---       | ---       | ---       ||
200     || 1.0000    | 0.0000    | 1.0000    | 0.0000    || 1.0000    | 0.2242    | 1.0000    | 0.0000    || 0.2129    | 0.7565    | 0.2504    | 0.7056    || 0.2899    | 0.8243    | 0.4576    | 0.6182    || 0.1460    | 0.8300    | 0.1607    | 0.7881    || 0.1695    | 0.8823    | 0.2088    | 0.8125    || ---       | ---       | ---       | ---       ||
300     || 1.0000    | 0.0000    | 1.0000    | 0.0000    || 1.0000    | 0.0000    | 1.0000    | 0.0000    || 0.1866    | 0.7517    | 0.2320    | 0.7223    || 0.2818    | 0.8280    | 0.4657    | 0.6482    || 0.1349    | 0.8214    | 0.1641    | 0.8092    || 0.1667    | 0.8766    | 0.2511    | 0.7919    || ---       | ---       | ---       | ---       ||
400     || 1.0000    | 0.0000    | 1.0000    | 0.0000    || 1.0000    | 0.0000    | 1.0000    | 0.0000    || 0.1898    | 0.7456    | 0.2270    | 0.7175    || 0.2717    | 0.8279    | 0.4778    | 0.6459    || 0.1553    | 0.8250    | 0.1906    | 0.7957    || 0.1725    | 0.8757    | 0.2672    | 0.7841    || ---       | ---       | ---       | ---       ||
500     || ---       | ---       | ---       | ---       || ---       | ---       | ---       | ---       || 0.1846    | 0.7510    | 0.2247    | 0.7189    || 0.2821    | 0.8259    | 0.4874    | 0.6379    || 0.1519    | 0.8155    | 0.1751    | 0.7879    || 0.1759    | 0.8714    | 0.2632    | 0.7807    || ---       | ---       | ---       | ---       ||
600     || ---       | ---       | ---       | ---       || ---       | ---       | ---       | ---       || 0.1904    | 0.7375    | 0.2063    | 0.7188    || 0.2740    | 0.8250    | 0.4555    | 0.6214    || 0.1522    | 0.7901    | 0.1657    | 0.7719    || 0.1890    | 0.8742    | 0.2592    | 0.7824    || ---       | ---       | ---       | ---       ||
700     || ---       | ---       | ---       | ---       || ---       | ---       | ---       | ---       || 0.1793    | 0.7458    | 0.2133    | 0.7235    || 0.2875    | 0.8216    | 0.4442    | 0.6174    || 0.1439    | 0.8001    | 0.1710    | 0.7707    || 0.1910    | 0.8646    | 0.2815    | 0.7529    || ---       | ---       | ---       | ---       ||
800     || ---       | ---       | ---       | ---       || ---       | ---       | ---       | ---       || 0.1717    | 0.7435    | 0.1977    | 0.7008    || 0.2878    | 0.8338    | 0.4825    | 0.6469    || 0.1490    | 0.7824    | 0.1715    | 0.7324    || 0.2039    | 0.8718    | 0.2947    | 0.7716    || ---       | ---       | ---       | ---       ||
900     || ---       | ---       | ---       | ---       || ---       | ---       | ---       | ---       || 0.1719    | 0.7374    | 0.1914    | 0.7064    || 0.2763    | 0.8323    | 0.5034    | 0.6326    || 0.1454    | 0.7789    | 0.1716    | 0.7449    || 0.1861    | 0.8717    | 0.2938    | 0.7657    || ---       | ---       | ---       | ---       ||
1000    || ---       | ---       | ---       | ---       || ---       | ---       | ---       | ---       || 0.1855    | 0.7439    | 0.2404    | 0.7164    || 0.2273    | 0.8873    | 0.2676    | 0.8305    || 0.1530    | 0.7827    | 0.2007    | 0.7490    || 0.1710    | 0.8945    | 0.2296    | 0.8372    || 0.1461    | 0.7571    | 0.2004    | 0.7134    ||
2000    || ---       | ---       | ---       | ---       || ---       | ---       | ---       | ---       || 0.1636    | 0.7235    | 0.1636    | 0.7235    || 0.2329    | 0.9107    | 0.2329    | 0.9107    || 0.1522    | 0.7440    | 0.1522    | 0.7440    || 0.2138    | 0.9118    | 0.2138    | 0.9118    || 0.1304    | 0.7491    | 0.1304    | 0.7491    ||
3000    || ---       | ---       | ---       | ---       || ---       | ---       | ---       | ---       || 0.1645    | 0.7450    | 0.1645    | 0.7450    || 0.2555    | 0.9149    | 0.2555    | 0.9149    || 0.1570    | 0.7577    | 0.1570    | 0.7577    || 0.2133    | 0.9160    | 0.2133    | 0.9160    || 0.1307    | 0.7315    | 0.1307    | 0.7315    ||
